central: 13.0814, 80.2729
egmore:  13.079062, 80.261062
nehru park: 13.078791, 80.250087
kilpauk:  13.077536, 80.242866
Shenoy Nagar:  13.077711, 80.225103
Anna  Nagar east:  13.084954, 80.206512
Anna nagar tower:  13.085041, 80.208728
Thirumangalam: 13.085194, 80.19995
Koyambedu:  13.073249, 80.191584
CMBT:  13.068413, 80.206316
arumbakkam:  13.062222, 80.211667
Vadapalani:  13.0505, 80.21208
Ashok nagar:  13.035483, 80.211329
Ekkattuhangal:  13.017128, 80.205302
alandur:  13.004315376081017, 80.20139458788348
st.Thomas Mount:  12.5941, 80.1156

